100
2 1
100 20
200 10
2 2
100 20
200 10
3 2
100 10
100 10
100 10
4 2
9 3
7 1
10 1
8 4
7 4
42957 507416
52632 414141
757316 28782
248196 87822
848003 25704
91676 237762
30996 703222
3 2
523032 9009
9207 511784
123876 38038
10 7
3401 330621
15452 28
3031 346497
19846 56
3625 359725
3811 321847
3322 309302
3560 303907
11315 6
3489 309136
9 2
776178 494431
503034 978348
977845 493696
419974 796990
570096 817024
113885 832752
602154 966111
482440 671606
386879 370590
5 2
232123 50602
599549 658037
416419 393708
507554 794487
462914 806007
6 3
22880 2778
268484 15
27405 2145
295808 19
26639 2157
23737 2263
10 2
28145 2855
24634 2908
23014 2769
29160 2896
215767 94
26487 2429
203476 87
27511 2762
288312 41
25686 2268
7 1
288800 91984
97007 273846
236925 112124
304882 87132
58020 457859
501633 52957
33014 804658
3 2
246123 88536
777852 28014
485112 44919
3 2
9918 798252
10353 764712
113373 69832
3 1
21895 2408
215802 57
23530 2901
5 3
29811 2248
227421 44
299487 85
27769 3000
23621 2684
8 5
3758 393806
3634 323977
14307 23
3595 397599
19409 14
3030 362868
3061 328942
3858 332178
2 1
286820 183067
359565 146030
8 4
483793 212504
80579 589243
775768 311281
991667 88893
435948 347018
856551 470773
125739 949280
912455 588658
10 6
7722 757316
19656 297517
918918 6364
144781 40392
192984 30303
40936 142857
441558 13244
539682 10836
122507 47736
68376 85527
3 2
363636 15334
6426 867724
18648 299013
9 3
20791 2063
29046 2983
24275 2674
253756 94
25348 2082
23322 2788
261226 60
29784 2230
24516 2000
7 3
57503 240898
709901 391013
347761 236744
230789 505493
737593 666168
354473 668998
830633 189466
8 2
286020 44
279165 62
26961 2804
21820 2729
22979 2113
27188 2169
29189 2690
22489 2131
2 1
287717 122220
124059 283452
4 3
152076 144522
216783 101384
61938 354844
598734 36708
2 1
274032 51
23661 2632
2 1
571131 883071
624755 845378
3 1
100207 972353
301580 323087
478785 203508
2 1
3847 328889
12139 72
9 6
3933 352302
12779 66
3168 386015
3567 345750
3097 380736
3761 320078
3656 304041
15623 6
3924 351928
9 6
514231 184928
196144 484826
428871 221735
154412 615857
194670 488497
287032 331307
566464 167876
670042 141925
147727 643726
8 3
3386 367529
3804 322279
3027 301075
3296 320021
3057 320398
19575 57
3814 334558
13609 85
8 2
452670 207479
99757 941483
186247 504274
182558 514464
626828 149833
306689 306237
160893 583739
733059 128120
8 6
265757 459410
386301 927577
21962 469264
395285 137734
222654 808647
809601 967075
744964 740175
321707 687910
3 2
211068 28014
6699 882648
39468 149814
3 1
813271 65121
111272 475960
499953 105932
5 1
437893 205896
236679 102822
441520 1117
145580 941559
532122 907361
10 5
11114 61
3088 394470
3936 371378
3878 364352
3047 339396
3170 399334
18991 83
3985 312270
19937 88
3040 374179
6 4
3574 367559
3861 314814
19656 25
3620 342610
3864 312501
15120 70
10 7
3909 327201
3123 357535
3032 363697
18321 28
3722 337177
3526 330828
3916 381559
10420 5
11583 29
3624 320268
6 4
758609 76309
126005 366519
196753 638940
249244 210754
809939 99095
16397 897186
8 5
278787 288691
440323 401368
42748 728547
723447 232502
555245 322364
746759 265784
329881 163323
483496 971360
8 6
3561 341544
13081 55
3057 300889
3198 348313
16962 46
3215 379086
3156 396681
3415 381614
3 2
344414 705446
904110 697616
929907 81241
6 1
3213 351515
18887 70
15675 62
3099 381998
3895 374188
3373 361949
7 4
439208 19737
821128 10557
357588 24242
156519 55384
37324 232254
131967 65688
40392 214613
9 6
67631 993986
491269 136838
165597 405951
89336 752488
176953 379899
177532 378660
98473 682667
176313 381278
151731 443049
2 2
34162 167076
11571 493272
9 2
3497 326556
11055 1
3103 383220
3228 309400
3478 330728
3935 393797
12970 5
3992 305666
3278 389256
7 2
30181 250553
448492 62866
644739 70316
485627 394294
283031 251758
493350 434570
783785 408990
5 1
478202 110439
692991 76209
738105 71551
100344 526311
222022 237869
3 2
269739 24024
9282 698148
422136 15351
10 2
789353 43565
449589 76488
77421 444171
96542 356199
338313 101646
47999 716435
166640 206362
38516 892828
648124 53058
372626 92286
4 3
177489 151032
47502 564324
236652 113274
49938 536796
2 1
228816 54
21814 2976
4 1
79582 386898
66811 460854
49526 621696
81189 379240
7 5
3288 379414
3956 372084
3876 367648
3959 306148
11044 90
3172 375351
15994 60
2 1
267049 96
24898 2186
8 2
294696 69
22307 2243
28961 2524
242590 37
20599 2567
21768 2698
26414 2584
28483 2237
10 7
186739 102710
635519 30180
29892 641642
44917 427009
114340 167745
31657 605868
159973 119895
530302 36168
59092 324578
563553 34034
9 5
25964 2045
27169 2208
287686 54
251083 57
23505 2369
23315 2121
22186 2846
29792 2441
21840 2236
5 3
200011 55
28721 2758
28007 2379
29439 2749
256822 65
5 1
859479 104076
552669 161853
122273 731569
367620 243325
613490 145807
3 1
26430 2045
20751 2282
269163 60
7 3
961928 964807
478199 640856
384328 861898
33215 351930
110641 18692
12442 639124
359044 829281
8 4
245026 84397
990443 20879
43693 473290
466016 44375
84644 244311
461420 44817
80488 256926
78388 263809
2 1
296829 2
24210 2127
9 6
825362 405873
577481 885377
521868 712855
489497 307292
978052 698616
112261 500796
427073 627759
344014 573738
531717 960154
3 1
3829 303747
3734 394481
17224 96
10 10
1000000 1000000
1000000 1000000
1000000 1000000
1000000 1000000
1000000 1000000
1000000 1000000
1000000 1000000
1000000 1000000
1000000 1000000
1000000 1000000
4 2
26306 408225
12435 863592
63375 169448
113775 94386
2 2
898884 52762
237429 199752
5 3
18687 83
3106 362458
3731 324322
16439 97
3503 343336
9 6
3311 383344
3575 356871
3569 399897
3068 380279
3432 375219
11071 37
3433 353777
3998 310077
10374 59
2 2
801864 87699
567686 123876
3 1
3147 368612
3745 309576
18332 55
6 4
3275 323792
3036 368534
3198 350739
16552 59
3912 315707
13779 85
1 1
1 1
8 5
208278 59644
444106 27972
93496 132867
257868 48174
305102 40716
28971 428792
61938 200564
531468 23374
4 1
45572 225570
958237 508309
919886 754893
120793 68729
6 2
276318 43
27934 2888
20357 2113
23516 2921
276676 3
26618 2398
9 2
933118 140552
723209 175871
258114 894392
164633 661813
128519 948830
579349 883503
507525 795471
906088 944155
788947 466645
10 7
11632 94
14919 20
3724 311129
3501 368138
3643 358918
3156 329525
3030 384010
12905 78
3416 395707
3971 336008
3 1
314602 279965
500182 176091
211039 417352
4 1
3460 371525
3503 302160
17649 46
3999 326192
7 2
29070 2711
224408 70
28086 2393
28042 2757
22633 2566
22019 2623
265690 96
5 3
67983 242424
407898 40404
815796 20202
157896 104377
98642 167076
7 5
728119 581393
421095 129145
798550 973578
155445 103939
731047 270725
706676 254379
153198 306245
3 1
448048 42833
855873 22423
69781 275021
3 1
315101 256571
373570 216414
905338 89299
6 3
693374 928178
152731 227056
942575 235902
358793 681418
574387 534103
879300 560877
7 4
124124 39474
837837 5848
120744 40579
42966 114036
129129 37944
35464 138159
868428 5642
7 1
247517 796978
591623 985334
323497 878742
805862 741720
384368 556809
15053 150765
553169 928760
2 2
23868 765142
493272 37023
3 1
216352 44
28752 2663
24078 2650
8 3
153193 482706
973976 75923
407719 181368
336509 219748
248771 297250
204164 362195
465721 158780
604351 122358
6 1
24434 2354
24601 2147
24126 2273
29317 2731
287885 70
225712 97
7 4
796917 6552
35464 147231
8316 627874
479864 10881
531278 9828
5643 925288
154242 33852
6 1
832333 882089
644754 731687
189552 867872
126324 782245
214877 401830
769080 111834
