100
2 1
100 20
200 10
2 2
100 20
200 10
3 2
100 10
100 10
100 10
4 2
9 3
7 1
10 1
8 4
2 2
491877 142968
81918 858452
4 3
63905 561730
391683 91649
970776 36978
280584 127938
2 1
3409 317243
12973 84
4 3
951048 24149
140182 163836
88536 259407
192696 119187
6 4
21492 2574
20364 2833
200255 93
25220 2542
20200 2402
240942 4
7 2
829382 98462
911169 89624
777517 105030
165734 492733
445023 183502
736263 110915
270466 301933
10 3
20463 2189
242262 6
258414 83
28827 2160
25976 2008
21800 2347
20665 2974
24775 2704
23991 2912
202536 59
3 2
902524 938190
873742 319597
200772 998456
7 3
3650 387674
12887 75
15339 26
3807 349959
3048 330167
3491 380342
3972 309661
10 4
459983 181603
297857 280451
91374 914202
205504 406485
932344 89596
367124 227537
877793 95164
165259 505475
861054 97014
141059 592194
8 2
203341 85
22651 2687
26017 2124
23931 2955
25008 2298
20565 2905
23890 2026
209400 95
6 2
646193 671731
862225 642234
237880 623830
989616 269741
335271 712257
136284 327081
3 1
3395 373649
3874 320910
18713 95
2 1
810043 964523
609102 774445
2 1
19915 42
3592 341916
7 3
395553 16870
676356 511111
117882 954547
561180 200430
122255 5963
280632 214263
640631 58243
6 3
248977 345400
240995 356840
944437 91056
306590 280494
343746 250175
617761 139207
10 6
389372 28439
348131 31808
116428 95109
43452 254841
22521 491690
123133 89930
41156 269058
514298 21531
47371 233758
32178 344128
6 3
29989 2931
248352 68
24326 2124
23829 2027
21588 2176
249011 49
2 1
3085 308487
12628 81
6 3
3153 341313
16824 13
18585 74
3165 379647
3907 389440
3420 364343
6 3
617984 574394
559484 361764
285286 359576
429905 277481
730722 455146
404740 575610
10 5
28745 2467
25345 2202
26306 2370
265676 81
24173 2095
28388 2097
273222 20
22194 2657
227767 19
21970 2412
8 5
96019 327672
700854 44892
628488 50061
163836 192038
43993 715176
470844 66822
615384 51127
33669 934472
9 2
28177 2030
29706 2504
23277 2263
28394 2853
236555 37
21566 2813
20586 2470
24508 2840
294350 23
5 2
846887 951806
901395 93282
80677 477846
8949 636878
675778 608646
8 5
64124 178794
70686 162196
94248 121647
148092 77418
24633 465432
152306 75276
35343 324392
16728 685377
5 3
304152 43911
786828 16974
262276 50922
43848 304589
36708 363834
10 6
172856 39501
28458 239932
28413 240312
16492 414018
21812 313038
9471 720936
85932 79458
19437 351288
408177 16728
324632 21033
4 1
3350 388864
3186 358247
19693 66
3844 390012
8 5
350427 89784
276834 113652
271502 115884
43993 715176
66584 472527
231768 135751
96019 327672
97416 322973
5 3
256204 58
29915 2548
28036 2331
20824 2651
236867 70
9 4
3639 325683
3687 370725
3398 306468
13082 73
3815 339793
3293 374642
18623 76
3508 369866
3412 377542
5 3
19115 33
3373 392804
15729 95
3349 318114
3760 321593
3 2
26705 2895
226477 19
23639 2985
8 5
22876 423522
17974 539028
68628 141174
165186 58652
191268 50654
15686 617652
201894 47988
82593 117304
5 3
113274 225492
304152 83979
551862 46284
36018 709156
37352 683829
5 1
15685 27
3010 310643
3561 305724
3753 317646
17233 89
5 2
199597 315115
582004 108068
148526 423468
117298 536207
450048 139754
7 1
940030 393032
504539 886572
289308 117040
80790 158861
610179 869124
949770 761543
317776 457481
2 1
3212 342184
13681 5
5 3
105672 95589
18981 532168
25194 400932
19737 511784
45752 220779
8 4
29285 2769
27626 2208
24489 2748
277025 84
294169 94
29320 2320
25655 2426
23870 2988
8 5
144279 267288
622081 61992
109224 353073
59409 649128
309468 124614
83076 464202
237636 162282
74046 520812
9 2
21195 2124
27132 2996
20429 2700
24424 2614
27466 2327
27066 2289
24152 2144
294269 36
229729 84
8 5
378740 373139
905118 198169
201634 907177
532271 395487
552069 580593
689201 189184
236620 332188
858708 155859
3 2
181818 64124
39627 294216
17871 652392
4 1
91626 249846
622042 36802
382413 59863
41646 549690
8 2
727248 137246
168857 591103
251660 396614
168853 591117
384010 259920
548984 181812
100770 990492
301439 331118
7 4
34056 987567
200466 167772
57288 587079
503316 66822
329189 102168
300699 111848
68376 491877
8 3
326967 235553
873706 88151
357061 215700
205687 374443
314925 244560
297297 259061
279057 275994
88342 871817
2 1
986409 633911
714860 733930
4 2
629749 176982
665501 710562
813613 565656
556518 152679
10 7
981857 127175
57888 413766
33967 573752
364281 401809
205764 1565
329885 62724
202835 798591
313881 680130
180073 809455
302438 734926
9 5
485576 47601
65016 355511
28014 825084
973176 23751
104052 222138
33579 688344
56028 412542
102254 226044
57564 401534
9 3
592934 17271
223247 45871
796869 12851
12457 822073
922324 11103
494761 20698
13389 764849
114241 89640
46252 221408
9 2
560704 62647
215653 162884
584301 60117
843412 41648
650405 54007
150145 233950
321388 109296
161457 217559
849593 41345
8 3
46253 768775
535345 66421
74835 475154
767547 46327
228514 155606
76156 466912
616922 57638
677182 52509
8 2
256340 43
271586 86
27864 2231
22936 2398
21083 2778
20813 2909
21906 2493
20192 2028
6 4
63714 149292
923853 10296
111592 85239
9594 991452
21164 449442
97416 97643
1 1
1 1
7 4
14616 350493
34314 149292
7482 684684
12298 416556
49764 102942
583596 8778
46284 110682
5 3
61992 319447
263074 75276
403512 49077
150552 131537
384744 51471
9 3
144907 500422
73411 987790
222133 326447
326447 222133
766159 94647
665779 108917
332807 217888
473695 153083
168410 430584
5 3
774657 166485
2364 748264
957162 400942
642551 285005
903130 466623
9 3
481390 129690
97117 642848
482577 129371
872850 71526
390822 159744
346988 179924
77266 808007
378501 164944
305002 204692
9 6
21209 2243
24987 2235
283055 98
29103 2841
263907 43
20423 2926
26770 2045
28619 2072
28072 2437
10 4
25801 2216
292566 51
297905 97
243574 48
22297 2132
24314 2066
27849 2794
20708 2738
28070 2078
22782 2544
4 3
259830 341995
110828 801788
404419 219724
365573 243072
5 3
28044 186186
39501 132184
693966 7524
7524 693966
25256 206739
9 3
352526 214655
443462 170638
371401 203746
140825 537344
89836 842329
144684 523012
311345 243047
649390 116527
99516 760395
10 10
1000000 1000000
1000000 1000000
1000000 1000000
1000000 1000000
1000000 1000000
1000000 1000000
1000000 1000000
1000000 1000000
1000000 1000000
1000000 1000000
8 2
28520 2655
29894 2424
21728 2201
29527 2067
233691 5
21347 2727
26888 2977
237252 52
10 2
984548 678008
289379 277205
223374 651405
419119 134849
892811 362284
236266 922825
806150 112475
695675 34219
115353 118680
998845 416011
6 1
13772 39
3079 327409
3402 383608
3574 378974
3112 351064
10390 15
8 6
12423 15
11255 72
3283 367441
3719 361528
3327 397303
3432 377603
3083 315179
3616 352728
2 1
264668 99
20479 2862
7 5
3128 326598
3372 344583
15292 1
19634 27
3137 369055
3954 373038
3320 317962
3 2
11655 100
3783 392805
3562 338465
5 3
3055 390652
3319 381245
19437 90
18241 75
3960 313942
4 1
249199 975448
658050 751376
873347 545458
922283 281575
4 2
128274 889746
760625 193879
231942 389376
764230 812341
3 2
159690 654562
6675 293981
245772 494860
6 3
27027 2481
27853 2567
23134 2213
279389 72
281783 16
26429 2617
2 2
7749 673816
41943 124488
5 3
11934 71
3359 379343
3280 389744
15705 2
3961 307075
4 3
275189 251103
328393 210421
69288 997298
281683 245314
4 3
288416 950192
73570 40587
824493 888531
90775 793032
8 4
262240 167336
436157 100611
671310 65368
118142 371436
87251 502942
126551 346755
435214 100829
219479 199938
4 3
3094 340317
19182 8
3342 331469
3070 342029
8 4
440154 219957
110342 877408
610531 158575
222254 435605
303210 319300
314872 307474
219079 441918
163917 590634
9 6
922606 391406
875806 576229
356251 71760
851627 589963
716759 368052
842776 831554
764508 552226
851597 283121
845357 897025
5 2
27367 2526
230086 35
298884 93
23587 2860
22895 2552
10 2
24280 2330
233497 23
28930 2914
23475 2051
24243 2182
263011 97
23258 2674
27930 2686
24620 2983
245493 55
9 6
3172 304744
3947 399115
3176 312460
12116 20
3592 342383
3624 383628
3213 332767
3803 367162
15213 96
6 3
684269 615607
451296 61739
82975 826605
438626 389244
446892 852482
883476 308480
