100
1 1
540 600
840 900
2 0
900 1260
180 540
1 1
1439 1440
0 1
0 2
540 900
180 540
2 0
824 836
483 824
2 0
1114 1440
627 715
1 1
226 674
1194 1440
1 0
276 289
2 0
1010 1155
1155 1258
2 0
1135 1405
1405 1440
1 0
82 629
1 0
1264 1440
2 0
792 933
933 1440
0 1
1154 1304
2 0
1407 1440
716 1225
2 0
10 360
1079 1429
0 2
1121 1146
1146 1440
2 0
739 1272
1272 1440
1 1
461 809
809 831
2 0
1002 1065
566 749
2 0
1080 1430
11 361
0 2
199 246
809 1440
0 2
1087 1176
1289 1440
0 2
792 1379
1379 1440
2 0
1004 1138
210 316
2 0
984 1440
924 984
1 1
1079 1440
445 1079
2 0
932 1191
1191 1440
2 0
1439 1440
0 1
0 2
1406 1440
1181 1406
1 1
766 880
425 766
0 1
851 1440
0 2
902 984
84 394
0 1
770 1036
1 1
10 305
305 388
2 0
787 1054
1054 1440
1 1
1228 1440
189 414
2 0
1217 1278
1278 1440
2 0
736 1000
1000 1440
2 0
872 975
975 1440
2 0
1299 1440
1242 1299
1 0
1372 1440
0 1
209 218
0 2
265 362
362 864
2 0
1131 1254
925 942
1 1
1 24
789 1440
2 0
777 1119
1119 1440
0 2
677 680
680 1328
0 1
1113 1440
2 0
311 347
347 633
1 1
1296 1429
395 1111
0 1
435 758
1 1
546 724
219 546
1 1
291 552
552 898
2 0
465 1084
362 386
0 2
1439 1440
0 1
0 1
968 1440
0 2
690 1137
653 690
2 0
200 665
1118 1302
0 2
1298 1328
1328 1440
2 0
968 996
1362 1440
0 2
179 539
540 900
2 0
0 360
1079 1429
2 0
1402 1440
1265 1402
2 0
480 595
595 868
0 2
10 360
1080 1440
1 1
0 1
1439 1440
1 1
1225 1370
844 1014
2 0
947 1317
1432 1440
0 2
1080 1440
0 360
0 2
568 615
318 568
0 2
1033 1134
1134 1440
0 2
1301 1440
400 610
0 2
846 876
1103 1440
0 2
199 502
59 199
2 0
1380 1440
864 938
2 0
1397 1440
1364 1397
1 0
567 1195
1 0
953 1091
0 2
779 894
481 779
2 0
47 615
1095 1201
0 2
11 361
1080 1440
0 2
492 715
399 492
1 0
1272 1440
0 2
1042 1309
1309 1440
1 0
1319 1440
0 2
133 546
1212 1274
0 2
1395 1418
453 534
0 1
144 332
2 0
0 360
1080 1430
2 0
1226 1375
1375 1440
0 2
541 901
180 540
0 2
1016 1076
1076 1440
2 0
849 1087
222 554
1 1
745 981
1036 1440
0 2
1192 1440
1023 1063
1 1
360 591
653 1201
2 0
10 360
1080 1430
0 2
1199 1237
490 1124
0 2
944 1067
64 75
