100
4 2
5 2
6 2
1000 1000
1000 1
500 256
500 1
851 735
379 371
575 552
500 159
955 850
500 250
999 498
999 497
999 499
500 127
312 274
999 256
884 823
786 624
896 871
500 255
500 245
1000 255
1000 2
932 747
336 298
625 516
999 512
680 622
500 2
1000 488
837 826
335 331
406 340
500 244
999 255
546 525
999 511
1000 512
863 673
999 289
1000 256
425 351
337 336
999 487
999 2
285 281
518 473
1000 500
594 592
999 999
1000 507
567 496
500 500
1000 511
860 827
1 1
1000 999
688 671
1000 285
3 1
400 322
500 116
554 423
999 128
999 998
2 2
1000 127
1000 489
500 128
999 488
1000 128
920 889
585 503
601 533
977 865
818 795
999 505
500 248
1000 498
637 573
777 695
3 2
277 220
500 249
500 117
2 1
1000 499
5 1
999 127
500 499
715 560
4 1
500 247
500 86
367 280
818 634
999 1
