100
4 2
5 2
6 2
1000 1000
1000 1
1000000 999999
999999 499998
937509 758254
919014 786888
962632 750240
997449 927322
1000000 1
999999 499999
1000000 262144
500000 262144
666656 636866
3 2
500000 127
500000 158924
519666 502255
686595 660793
385120 356878
999999 262143
1000000 500000
748028 708106
594523 451338
1000000 499998
999999 127
999999 475712
421583 378033
394042 385576
999999 128
999999 524288
1000000 1000000
740526 696325
3 1
480545 451822
999999 999998
500000 240333
901901 889231
999999 2
882050 707807
657580 625592
999999 510298
1000000 128
500000 131072
999999 499997
672267 570825
500000 128
1000000 127
500000 249998
500000 250000
1000000 524287
500000 237857
1000000 2
999999 262144
1000000 524288
795632 699829
1000000 262143
5 1
1000000 475712
1000000 288060
500000 2
500000 500000
702310 605472
999999 475711
1000000 475713
999999 999999
354534 276017
1000000 499999
562362 492351
966315 875358
500000 499999
4 1
1 1
1000000 514238
483733 381855
500000 262143
625110 532606
885818 792064
500000 237856
343603 261808
500000 131071
297913 290309
294798 292841
2 2
919167 735815
330465 286739
584222 463410
500000 1
500000 249999
406720 349326
999999 524287
2 1
999999 1
664747 634428
966090 752421
889797 747404
927686 715274
999999 292585
