100
6 2 0 2 0 2 0
3 1 0 2 0 0 0
6 2 0 1 1 2 0
4 0 0 2 0 0 2
765 45 304 34 45 304 33
5 1 1 0 1 2 0
7 2 1 2 1 0 1
7 2 0 2 1 1 1
6 2 0 2 1 0 1
1000 250 0 250 0 500 0
999 500 0 249 0 250 0
998 250 249 0 249 250 0
1000 2 249 250 0 250 249
5 1 0 1 0 3 0
9 3 1 2 0 2 1
1000 333 0 333 0 334 0
618 25 113 172 23 116 169
53 11 0 7 0 35 0
4 1 0 1 0 2 0
739 18 319 32 18 320 32
4 2 0 2 0 0 0
480 69 34 138 67 34 138
4 2 0 1 1 0 0
999 333 0 333 0 333 0
4 0 0 3 0 0 1
999 0 500 0 0 499 0
4 1 0 2 0 1 0
999 332 1 332 1 332 1
544 15 196 61 13 199 60
5 2 0 3 0 0 0
918 0 0 459 0 1 458
999 250 0 250 0 499 0
997 3 248 249 0 249 248
533 9 35 222 9 36 222
1000 0 0 500 0 0 500
6 3 0 1 0 2 0
5 0 0 3 0 0 2
998 167 166 167 166 166 166
995 322 50 127 320 51 125
532 222 0 237 0 73 0
7 1 1 3 0 2 0
999 499 0 500 0 0 0
999 500 0 0 499 0 0
8 2 1 2 1 1 1
8 2 0 2 1 2 1
4 3 0 1 0 0 0
471 57 19 161 54 21 159
964 195 144 143 193 146 143
581 169 41 82 168 42 79
6 3 0 3 0 0 0
7 0 1 2 0 2 2
974 231 13 243 230 16 241
7 3 0 2 1 0 1
767 66 91 227 64 94 225
1000 499 0 500 0 1 0
191 24 37 36 21 39 34
771 159 180 49 156 181 46
174 85 0 81 0 8 0
794 70 173 153 70 176 152
62 6 12 14 5 14 11
996 0 248 250 0 250 248
608 148 121 36 148 121 34
5 2 0 2 1 0 0
546 425 0 41 0 80 0
700 297 6 48 296 8 45
13 3 2 3 1 3 1
1000 500 0 0 0 500 0
7 0 1 2 1 2 1
7 2 1 2 0 2 0
7 2 1 0 1 2 1
3 0 0 3 0 0 0
84 7 8 28 4 11 26
8 2 1 1 1 2 1
332 54 111 2 51 113 1
6 3 0 2 0 0 1
999 1 0 499 0 499 0
1000 0 0 499 0 501 0
14 3 1 3 2 3 2
5 1 1 1 0 2 0
4 2 0 1 0 1 0
786 168 0 297 0 321 0
740 319 36 15 319 39 12
445 7 56 160 5 59 158
999 167 166 167 166 167 166
684 28 279 36 25 280 36
3 1 0 1 0 1 0
15 3 2 3 2 3 2
515 93 26 140 91 27 138
8 1 1 2 1 2 1
3 2 0 0 1 0 0
4 2 0 0 1 0 1
5 2 0 0 2 1 0
999 250 249 1 249 250 0
16 3 2 3 3 3 2
479 181 24 36 179 26 33
12 3 1 3 1 3 1
3 0 2 0 0 1 0
889 7 0 492 0 390 0
7 2 0 2 0 3 0
904 8 106 338 7 108 337
